ID Region Lon_degree Lon_minute Lon_second Lat_degree Lat_minute Lat_second Height

AMAR Beja 352 46 19.6  38 12 31.3   266.3
BNAF Beja 351 52 23.9  37 13 56.5   333.1
MERT Beja 352 20 23.8  37 38 47.6   134.0
ODEM Beja 351 22  7.5  37 35 55.2   135.2
SCAC Beja 351 18 26.7  38  1  7.6   277.0
SMA1 Beja 352 14 52.9  38 27 33.2   244.7
TRRA Beja 351 46 51.0  38 17 27.0   169.3

AJAL Burgos 357 43 35.0  41 12 57.8   884.2
ARDU Burgos 356 15 26.7  41 39 56.9   844.5
BUOS Burgos 356 55 55.4  41 35 17.1   964.0
CALH Burgos 358  0 17.9  42 17 41.8   411.4
CRPO Burgos 354 53 24.9  41 12 50.3   827.9
LEON Burgos 354 20 56.5  42 35 18.3   970.2
MDNR Burgos 354 57  4.8  41 53 19.6   811.5
MDPM Burgos 356 30 59.1  42 56 28.8   659.0

BRET Paris 2 18 53.9 48 36 37.2 140.3
COR1 Paris 2 28 32.1 48 35 38.0 141.4
ISLA Paris 2 12 23.2 49 6 13.8 81.6
IXSG Paris 2 3 50.4 48 53 57.8 153.5
LNE1 Paris 1 59 0.4 48 45 38.6 225.7
MLVL Paris 2 35 14.3 48 50 27.8 160.5
NATR Paris 2 13 7.0 48 55 3.3 86.8
SBGS Paris 2 10 2.7 48 54 35.9 110.6
SIR4 Paris 2 12 30.6 48 42 43.8 217.5
TGR1 Paris 1 56 55.9 48 50 28.9 191.5
VILB Paris 2 12 58.5 48 41 29.1 211.7

BRTM Brive-la-Gaillarde 0 38 57.9  45 21 49.1   164.2
EGLT Brive-la-Gaillarde 2  3  7.2  45 24 12.1   667.0
GRJF Brive-la-Gaillarde 1 30 50.2  45 18 10.6   458.6
LAMU Brive-la-Gaillarde 1 34  3.6  44 38 51.6   508.5
LBUG Brive-la-Gaillarde 0 55 16.0  44 56 43.4   266.5
MSRT Brive-la-Gaillarde 1 31 17.0  45 32 29.1   566.2
SAR4 Brive-la-Gaillarde 1  9 10.7  45 10 10.1   264.4
SMLM Brive-la-Gaillarde 1 59 12.8  45 10 15.2   556.5

BFO1 Tübingen 8 19 29.8 48 19 49.8 690.3
D384 Tübingen 9 10 15.3 48 46 46.1 341.0
D391 Tübingen 9 48 8.6 48 35 8.5 736.3
D396 Tübingen 9 47 35.7 48 6 0.4 599.3
D398 Tübingen 8 24 56.8 48 27 52.1 784.4
D402 Tübingen 8 31 39.2 48 4 23.1 790.9

ASS2 Groningen 6 33 52.6  52 58 39.7    69.5
BEDU Groningen 6 33 57.4  53 17 58.8    43.2
BRNH Groningen 6 40 40.3  53 18 36.9    42.9
GRIJ Groningen 6 18 29.7  53 16 51.1    48.8
HAR2 Groningen 6 36 16.7  53  8 54.0    45.4
RANU Groningen 6 30  3.4  53 19 58.0    43.7
SAP3 Groningen 6 48  1.3  53  9 22.1    44.6
STIL Groningen 6 28 55.3  53 15 41.7    45.1
TJUC Groningen 6 52 55.3  53 16 16.6    44.6
VEEN Groningen 6 51 54.1  53  6 15.4    65.9

0FIL Sala 14 9 43.7 59 42 52.8 189.9
0GRA Sala 14 58 47.7 60 4 17.2 357.2
0KOL Sala 15 51 14.9 59 35 39.1 89.2
0STI Sala 15 5 48.1 59 42 23.0 186.7
0VAF Sala 16 16 35.0 59 56 39.3 112.5
1VAS Sala 16 34 15.4 59 38 29.7 73.3
LEK6 Sala 14 52 37.7 60 43 19.9 477.8

0ABI Svappavaara 18 48 59.2  68 21 15.6   431.4
0JOK Svappavaara 19 49 56.6  66 36 18.1   296.6
0KIV Svappavaara 20 13 45.0  67 47 39.1   547.1
0LAJ Svappavaara 22 11 31.0  66 39 18.8   133.7
0OVT Svappavaara 23 39 31.4  66 23  8.6   100.8
0RAU Svappavaara 19 53 41.1  67 59 39.7   508.0
0SOP Svappavaara 21 41 30.7  68  5 27.1   408.6
0ULL Svappavaara 21 48 54.8  67  0 47.9   252.6
HETT Svappavaara 23 39 55.1  68 24 24.0   403.7
KILP Svappavaara 20 54 50.9  68 56 29.6   539.7

BRJA Zaragoza 358 28 25.8 41 50 5.7 493.6
CATY Zaragoza 358 21 36.9 41 21 9.9 597.7
CRNA Zaragoza 358 46 42.4 41 20 10.6 649.4
MUNI Zaragoza 359 11 33.3 41 1 49.1 855.0
OSCA Zaragoza 359 35 10.2 42 8 22.1 546.7
QNTO Zaragoza 359 30 11.0 41 25 32.2 216.7
SRNA Zaragoza 359 50 14.2 41 47 35.4 355.1
TUDE Zaragoza 358 23 47.6 42 2 54.9 342.1



——————————————————————————————————————————————————————————————————————————————
For range validation:
ID Distance Lon_degree Lon_minute Lon_second Lat_degree Lat_minute Lat_second Height

IGNF 0-15km 2 25 27.5 48 50 44.3 124.2
OPMT 0-15km 2 20 5.6 48 50 9.2 124.2
VITY 0-15km 2 22 32.1 48 46 26.2 146.0

BRET 15-50km 2 18 53.9 48 36 37.2 140.3
COR1 15-50km 2 28 32.1 48 35 38.0 141.4
ISLA 15-50km 2 12 23.2 49 6 13.8 81.6
IXSG 15-50km 2 3 50.4 48 53 57.8 153.5
LNE1 15-50km 1 59 0.4 48 45 38.6 225.7
MLVL 15-50km 2 35 14.3 48 50 27.8 160.5
NATR 15-50km 2 13 7.0 48 55 3.3 86.8
SBGS 15-50km 2 10 2.7 48 54 35.9 110.6
SIR4 15-50km 2 12 30.6 48 42 43.8 217.5
TGR1 15-50km 1 56 55.9 48 50 28.9 191.5
VILB 15-50km 2 12 58.5 48 41 29.1 211.7

BOIS 50-100km 2 2 35.1 49 5 37.4 163.8
BREV 50-100km 1 31 37.4 48 56 46.3 183.3
CHE2 50-100km 2 52 58.4 48 40 1.9 167.8
COUL 50-100km 1 32 42.0 48 39 15.9 186.9
CT11 50-100km 1 31 6.9 48 46 14.0 229.2
CT24 50-100km 1 44 12.3 48 53 50.0 221.7
CT27 50-100km 1 30 38.8 48 59 4.2 250.7
CT53 50-100km 2 49 22.5 48 38 41.2 189.4
CT57 50-100km 2 33 50.1 48 28 53.3 154.7
CT58 50-100km 3 2 40.2 49 8 59.4 191.4
CT5B 50-100km 2 58 50.0 48 54 11.4 221.3
CT5H 50-100km 3 6 37.5 48 44 28.4 219.7
CT70 50-100km 1 54 8.6 48 19 58.8 219.5
CT72 50-100km 1 51 0.3 48 28 36.5 232.9
CT74 50-100km 2 0 18.6 48 26 53.3 214.7
DHUI 50-100km 2 10 35.7 48 23 57.7 204.8
FORF 50-100km 2 50 52.4 49 3 28.3 139.0
GRIG 50-100km 2 52 54.0 48 42 13.4 164.2
LIZY 50-100km 3 1 53.7 49 1 23.2 106.2
MELN 50-100km 2 40 20.9 48 32 22.2 128.8

BAC1 100-150km 2 22 59.9 49 37 20.9 143.2
BEAV 100-150km 2 6 9.5 49 26 46.0 147.2
BOVE 100-150km 2 7 9.1 49 25 47.5 136.9
CHPH 100-150km 1 30 3.3 48 27 36.8 204.1
CT1A 100-150km 1 56 6.3 48 11 7.6 221.7
CT21 100-150km 1 35 55.0 49 22 57.0 215.7
CT22 100-150km 1 21 3.5 49 17 56.2 231.3
CT38 100-150km 1 13 20.9 49 4 16.5 204.3
CT41 100-150km 1 16 58.9 48 35 31.0 267.9
CT56 100-150km 3 14 18.0 48 51 4.4 252.6
CTZ1 100-150km 1 36 57.6 48 16 26.2 251.0
FEGA 100-150km 3 20 11.8 48 47 5.6 224.3
FENG 100-150km 2 47 40.3 48 5 24.8 158.4
FETA 100-150km 3 30 33.5 49 12 3.0 168.4
JANV 100-150km 1 52 58.0 48 12 0.9 195.9
OISO 100-150km 1 58 10.8 48 8 15.3 193.0
TRBL 100-150km 1 20 25.5 48 33 55.5 260.8
VACH 100-150km 1 8 45.6 49 7 17.5 179.8
VNTE 100-150km 2 46 47.6 49 26 0.7 137.4
VOUL 100-150km 3 19 58.0 48 37 0.8 220.1

AILT 150-200km 3 21 21.2 47 52 37.2 186.8
AMIY 150-200km 2 43 41.4 47 57 54.1 150.5
AMNS 150-200km 2 14 18.1 49 51 31.8 90.1
ARDN 150-200km 1 52 20.8 47 46 41.8 191.3
ARRO 150-200km 1 7 23.0 48 6 1.7 214.9
BOGU 150-200km 1 6 48.3 49 28 34.6 220.6
CH2T 150-200km 1 19 49.4 48 3 36.0 193.4
CHAI 150-200km 3 42 0.2 48 5 3.1 221.0
CHBL 150-200km 0 33 24.3 48 58 39.3 284.0
CHLN 150-200km 2 48 5.8 49 48 35.1 146.3
COAU 150-200km 3 31 4.0 49 38 37.1 127.5
CONN 150-200km 3 55 4.1 48 43 48.7 157.0
CT17 150-200km 1 9 26.9 48 12 1.8 257.4
CT19 150-200km 1 34 43.7 48 3 38.5 196.9
CT25 150-200km 0 53 44.5 49 3 2.5 216.3
CT30 150-200km 0 37 48.4 48 56 36.3 269.2
CT35 150-200km 0 52 57.4 49 14 9.7 232.5
CT39 150-200km 0 38 47.2 49 2 2.0 233.9
CT3D 150-200km 1 16 32.4 49 33 25.8 242.2
CT60 150-200km 1 14 50.1 48 18 19.3 242.5
CT80 150-200km 1 25 6.0 48 3 36.2 211.1
CT83 150-200km 1 23 24.7 48 11 32.8 218.1
FOU2 150-200km 1 34 50.7 49 50 31.2 238.1
JARG 150-200km 2 7 14.2 47 51 43.9 158.3
LENE 150-200km 0 54 25.3 49 8 57.4 188.7
MAGR 150-200km 3 19 20.8 48 11 12.8 144.4
MERY 150-200km 3 53 12.8 48 30 52.1 139.8
MGIS 150-200km 2 42 49.7 47 58 32.9 147.5
MOM3 150-200km 1 28 12.1 49 35 57.2 214.2
ROMY 150-200km 3 46 7.4 49 10 25.6 274.2
SERQ 150-200km 1 32 14.5 49 37 54.1 234.9
TOR4 150-200km 0 39 19.1 48 35 25.2 307.5
VERN 150-200km 3 40 22.4 49 5 55.3 132.2
VESO 150-200km 3 18 51.6 49 32 31.0 145.9
